451 47 37 64
452 124 36 69
452 209 33 61
454 292 32 58
456 380 27 53
452 444 34 61
452 513 35 58
455 588 32 57
456 657 27 48
499 48 27 60
502 124 24 68
500 206 24 60
502 291 27 65
502 367 26 67
498 441 27 62
502 510 22 71
499 584 28 60
498 652 26 51
539 48 30 58
539 121 32 70
541 204 29 60
547 285 25 74
543 365 27 65
542 439 26 59
537 512 34 54
541 580 22 60
537 652 25 43
589 47 29 60
589 119 26 66
584 198 32 64
581 279 29 66
580 360 29 70
574 442 34 60
585 509 22 58
577 576 24 61
575 650 21 40
632 50 23 55
635 120 18 71
630 199 25 62
629 274 24 69
627 358 24 76
617 442 30 58
618 510 31 57
621 580 24 64
616 650 22 45
